4.754094700000000e+02 8.850579898996409e-07 
4.815078900000000e+02 -1.027864042205098e-06 
5.055666100000000e+02 6.816741676592111e-07 
5.086065400000000e+02 -8.789122240172414e-07 
5.145643500000000e+02 -1.047792825574225e-06 
5.333652900000000e+02 1.015062232545283e-06 
5.374555800000001e+02 -4.665655269741109e-07 
5.514439900000000e+02 7.958712730811369e-07 
5.823597600000001e+02 1.038889654909719e-06 
5.973001900000000e+02 -4.891692703340052e-07 
6.112441800000000e+02 1.303994502312534e-06 
