4.500000000000000e+02 2.276723283699802e-05 
4.510000000000000e+02 1.678151571010120e-05 
4.520000000000000e+02 9.262205625096987e-06 
4.530000000000000e+02 9.979137188425725e-07 
4.540000000000000e+02 -7.228420545793635e-06 
4.550000000000000e+02 -1.473275641271698e-05 
4.560000000000000e+02 -2.093558312828844e-05 
4.570000000000000e+02 -2.533761634113746e-05 
4.580000000000000e+02 -2.754144583031445e-05 
4.590000000000000e+02 -2.737435869978752e-05 
4.600000000000000e+02 -2.501759684800492e-05 
4.610000000000000e+02 -2.092756501619538e-05 
4.620000000000000e+02 -1.558124687244885e-05 
4.630000000000000e+02 -9.337086095964139e-06 
4.640000000000000e+02 -2.487478835750347e-06 
4.650000000000000e+02 4.638112838502612e-06 
4.660000000000000e+02 1.162006513667401e-05 
4.670000000000000e+02 1.796332012167769e-05 
4.680000000000000e+02 2.316130992737460e-05 
4.690000000000000e+02 2.675964518082598e-05 
4.700000000000000e+02 2.835709532779803e-05 
4.710000000000000e+02 2.759855172280030e-05 
4.720000000000000e+02 2.430637001291997e-05 
4.730000000000000e+02 1.868168873716941e-05 
4.740000000000000e+02 1.131845471904841e-05 
4.750000000000000e+02 3.019978929731543e-06 
4.760000000000000e+02 -5.395428593470002e-06 
4.770000000000000e+02 -1.319607082951245e-05 
4.780000000000000e+02 -1.975343203799829e-05 
4.790000000000000e+02 -2.453121548859679e-05 
4.800000000000000e+02 -2.712229516788398e-05 
4.810000000000000e+02 -2.736938176937466e-05 
4.820000000000000e+02 -2.546158122068640e-05 
4.830000000000000e+02 -2.183148905812001e-05 
4.840000000000000e+02 -1.691750268393563e-05 
4.850000000000000e+02 -1.104366398100638e-05 
4.860000000000000e+02 -4.469307772339166e-06 
4.870000000000000e+02 2.515785946302321e-06 
4.880000000000000e+02 9.536809520946736e-06 
4.890000000000000e+02 1.613751134303616e-05 
4.900000000000000e+02 2.182002075646797e-05 
4.910000000000000e+02 2.608450333827937e-05 
4.920000000000000e+02 2.843031304544206e-05 
4.930000000000000e+02 2.838724973753439e-05 
4.940000000000000e+02 2.568922269922577e-05 
4.950000000000000e+02 2.048223916104964e-05 
4.960000000000000e+02 1.333425221173699e-05 
4.970000000000000e+02 5.053793680488822e-06 
4.980000000000000e+02 -3.508429511446852e-06 
4.990000000000000e+02 -1.157264878859004e-05 
5.000000000000000e+02 -1.846115631333027e-05 
5.010000000000000e+02 -2.360335481375249e-05 
5.020000000000000e+02 -2.658437515879554e-05 
5.030000000000000e+02 -2.725607435198599e-05 
5.040000000000000e+02 -2.580458414440483e-05 
5.050000000000000e+02 -2.263608318977754e-05 
5.060000000000000e+02 -1.815706899355252e-05 
5.070000000000000e+02 -1.266434779681027e-05 
5.080000000000000e+02 -6.387371784989763e-06 
5.090000000000000e+02 4.244407335139339e-07 
5.100000000000000e+02 7.443038193609525e-06 
5.110000000000000e+02 1.425167646537306e-05 
5.120000000000000e+02 2.036433962149715e-05 
5.130000000000000e+02 2.524358894944511e-05 
5.140000000000000e+02 2.830437368801822e-05 
5.150000000000000e+02 2.897663035562754e-05 
5.160000000000000e+02 2.690660533681701e-05 
5.170000000000000e+02 2.217133873444271e-05 
5.180000000000000e+02 1.529733068822774e-05 
5.190000000000000e+02 7.088452668540721e-06 
5.200000000000000e+02 -1.575910487905380e-06 
5.210000000000000e+02 -9.868615413672489e-06 
5.220000000000000e+02 -1.706401779642274e-05 
5.230000000000000e+02 -2.256008898655936e-05 
5.240000000000000e+02 -2.593407142665073e-05 
5.250000000000000e+02 -2.703874360608565e-05 
5.260000000000000e+02 -2.604746384636140e-05 
5.270000000000000e+02 -2.333933987049122e-05 
5.280000000000000e+02 -1.929600232199144e-05 
5.290000000000000e+02 -1.419302759766481e-05 
5.300000000000000e+02 -8.232002802331967e-06 
5.310000000000000e+02 -1.622885110737015e-06 
5.320000000000000e+02 5.353562561300939e-06 
5.330000000000000e+02 1.232086183647590e-05 
5.340000000000000e+02 1.880651735988726e-05 
5.350000000000000e+02 2.424395659563896e-05 
5.360000000000000e+02 2.798132116130371e-05 
5.370000000000000e+02 2.936395155908415e-05 
5.380000000000000e+02 2.795078473677721e-05 
5.390000000000000e+02 2.373778892205879e-05 
5.400000000000000e+02 1.719536220074655e-05 
5.410000000000000e+02 9.112706617980351e-06 
5.420000000000000e+02 3.931433479403509e-07 
5.430000000000000e+02 -8.090847879798951e-06 
5.440000000000000e+02 -1.556816876257240e-05 
5.450000000000000e+02 -2.140813617851772e-05 
5.460000000000000e+02 -2.517757665507569e-05 
5.470000000000000e+02 -2.672108191242596e-05 
5.480000000000000e+02 -2.619101400009341e-05 
5.490000000000000e+02 -2.394001985421434e-05 
5.500000000000000e+02 -2.033091276299731e-05 
5.510000000000000e+02 -1.562413344446263e-05 
5.520000000000000e+02 -9.995517312972759e-06 
5.530000000000000e+02 -3.615347735249997e-06 
5.540000000000000e+02 3.282044729850715e-06 
5.550000000000000e+02 1.035895385662432e-05 
5.560000000000000e+02 1.715860195352480e-05 
5.570000000000000e+02 2.309505113592515e-05 
5.580000000000000e+02 2.746639371873481e-05 
5.590000000000000e+02 2.954885566520301e-05 
5.600000000000000e+02 2.881573293456838e-05 
5.610000000000000e+02 2.517128632239367e-05 
5.620000000000000e+02 1.901625010764912e-05 
5.630000000000000e+02 1.111506428448863e-05 
5.640000000000000e+02 2.389265933157931e-06 
5.650000000000000e+02 -6.246995286645202e-06 
5.660000000000000e+02 -1.398073203154335e-05 
5.670000000000000e+02 -2.015435152080819e-05 
5.680000000000000e+02 -2.432027303896214e-05 
5.690000000000000e+02 -2.630590513343892e-05 
5.700000000000000e+02 -2.623583059325789e-05 
5.710000000000000e+02 -2.443703196164855e-05 
5.720000000000000e+02 -2.125982038635013e-05 
5.730000000000000e+02 -1.695403687881800e-05 
5.740000000000000e+02 -1.167164390149975e-05 
5.750000000000000e+02 -5.543786231707207e-06 
5.760000000000000e+02 1.239751080228513e-06 
5.770000000000000e+02 8.379071731656936e-06 
5.780000000000000e+02 1.543322679086571e-05 
5.790000000000000e+02 2.180736907951382e-05 
5.800000000000000e+02 2.676711042582016e-05 
5.810000000000000e+02 2.953366580276571e-05 
5.820000000000000e+02 2.949737954103690e-05 
5.830000000000000e+02 2.646270017506054e-05 
5.840000000000000e+02 2.074841588381767e-05 
5.850000000000000e+02 1.308392426819819e-05 
5.860000000000000e+02 4.402265499740220e-06 
5.870000000000000e+02 -4.345733265708425e-06 
5.880000000000000e+02 -1.230944204867511e-05 
5.890000000000000e+02 -1.880527503605597e-05 
5.900000000000000e+02 -2.336633572378258e-05 
5.910000000000000e+02 -2.579463630079211e-05 
5.920000000000000e+02 -2.618167900344207e-05 
5.930000000000000e+02 -2.482971487379506e-05 
5.940000000000000e+02 -2.208140859252356e-05 
5.950000000000000e+02 -1.818034712785079e-05 
5.960000000000000e+02 -1.325633177937121e-05 
5.970000000000000e+02 -7.401770740920484e-06 
5.980000000000000e+02 -7.638181791307764e-07 
5.990000000000000e+02 6.391453820847236e-06 
6.000000000000000e+02 1.364179527755569e-05 
6.010000000000000e+02 2.039288595202406e-05 
6.020000000000000e+02 2.589346037243295e-05 
6.030000000000000e+02 2.932315096547162e-05 
6.040000000000000e+02 2.999403813424429e-05 
6.050000000000000e+02 2.760443574032547e-05 
6.060000000000000e+02 2.238071604867164e-05 
6.070000000000000e+02 1.500736055221870e-05 
6.080000000000000e+02 6.421203735518410e-06 
6.090000000000000e+02 -2.396646094274103e-06 
6.100000000000000e+02 -1.056241369431614e-05 
6.110000000000000e+02 -1.736667347081709e-05 
6.120000000000000e+02 -2.231837801945545e-05 
6.130000000000000e+02 -2.518728801701602e-05 
6.140000000000000e+02 -2.602745263077532e-05 
6.150000000000000e+02 -2.511695963241511e-05 
6.160000000000000e+02 -2.279498253615598e-05 
6.170000000000000e+02 -1.930221907302547e-05 
6.180000000000000e+02 -1.474702763924209e-05 
6.190000000000000e+02 -9.184833061911347e-06 
6.200000000000000e+02 -2.722904494732707e-06 
6.210000000000000e+02 4.404434894183608e-06 
6.220000000000000e+02 1.179517503184371e-05 
6.230000000000000e+02 1.886409645816811e-05 
6.240000000000000e+02 2.485709942788689e-05 
6.250000000000000e+02 2.892475793148807e-05 
6.260000000000000e+02 3.030599931372130e-05 
6.270000000000000e+02 2.859022446700661e-05 
6.280000000000000e+02 2.390251460452551e-05 
6.290000000000000e+02 1.687313149879624e-05 
6.300000000000000e+02 8.434281538640790e-06 
6.310000000000000e+02 -4.099750788959336e-07 
6.320000000000000e+02 -8.747803208698199e-06 
6.330000000000000e+02 -1.584357081164841e-05 
6.340000000000000e+02 -2.117763059243276e-05 
6.350000000000000e+02 -2.448217070169028e-05 
6.360000000000000e+02 -2.577053738555000e-05 
6.370000000000000e+02 -2.529683320025234e-05 
6.380000000000000e+02 -2.339958223863323e-05 
6.390000000000000e+02 -2.031946045444944e-05 
6.400000000000000e+02 -1.614390437252528e-05 
6.410000000000000e+02 -1.089195768069585e-05 
6.420000000000000e+02 -4.634234558565576e-06 
6.430000000000000e+02 2.423878939698766e-06 
6.440000000000000e+02 9.902850263888318e-06 
6.450000000000000e+02 1.723418889163215e-05 
6.460000000000000e+02 2.367134944854814e-05 
6.470000000000000e+02 2.834758910029149e-05 
6.480000000000000e+02 3.043573622849456e-05 
6.490000000000000e+02 2.941526957268530e-05 
