0 0 1.243439728097376e+02 1.862685557158814e-03 5.764326058046849e-02
1 0 1.355263216053667e+02 1.002300188852124e-03 5.534577626941192e-02
0 1 1.359146813901193e+02 1.862815901423863e-03 5.767080351250814e-02
0 2 1.476235165906730e+02 1.848020832054720e-03 5.869250753445598e-02
1 1 1.518056221157929e+02 1.000634226235592e-03 5.475502155204336e-02
0 3 1.592831269436765e+02 1.849390618729577e-03 5.866182319863424e-02
1 2 1.681094233372453e+02 1.000836467525611e-03 5.475386593800467e-02
0 4 1.709425453648296e+02 1.848022188099289e-03 5.869375968549875e-02
0 5 1.826124589661739e+02 1.854670808184868e-03 5.852296852086100e-02
1 3 1.844113425125606e+02 9.987002997661561e-04 5.484191041367100e-02
0 6 1.942628358944079e+02 1.855531228107827e-03 5.849885965563484e-02
1 4 2.007236010092569e+02 9.977475110246100e-04 5.486398767536642e-02
0 7 2.059223947064406e+02 1.855135990255722e-03 5.850650690705168e-02
1 5 2.170402075976213e+02 9.987072047632848e-04 5.483631930936486e-02
0 8 2.175703651231352e+02 1.855090355017130e-03 5.853202093934213e-02
0 9 2.293547183148917e+02 1.822933046541539e-03 5.956588645444586e-02
1 6 2.332432768332009e+02 1.008838622836348e-03 5.423956030290176e-02
0 10 2.410752308016098e+02 1.824436015919940e-03 5.953126013833161e-02
1 7 2.494814375369548e+02 1.008782604105469e-03 5.424428847799682e-02
0 11 2.527977056284774e+02 1.823096648644417e-03 5.956198111757368e-02
0 12 2.645221732708120e+02 1.828516270731700e-03 5.935208863960249e-02
1 8 2.657238461129197e+02 1.007992951161966e-03 5.435282780548414e-02
0 13 2.762213961172484e+02 1.828303996530961e-03 5.934659162849572e-02
1 9 2.819865310022375e+02 1.007249199701163e-03 5.436905322534515e-02
0 14 2.879302065582287e+02 1.828495627087861e-03 5.934118756907990e-02
1 10 2.982467719544115e+02 1.008250547403011e-03 5.434846923642501e-02
0 15 2.996297967403136e+02 1.827615615098256e-03 5.937071955632336e-02
0 16 3.114249174494580e+02 1.827213402852754e-03 5.933396685147213e-02
1 11 3.144266004261423e+02 1.008514376333953e-03 5.436757364798131e-02
0 17 3.231886081499636e+02 1.828870268684369e-03 5.929552421738226e-02
1 12 3.306181403787924e+02 1.007869778263103e-03 5.438416840593972e-02
0 18 3.349589658188382e+02 1.827838497025419e-03 5.931753808706323e-02
0 19 3.467182457627545e+02 1.828149406996382e-03 5.923819267548948e-02
1 13 3.468203716011231e+02 1.009596869556326e-03 5.440409039441264e-02
0 20 3.584046504813682e+02 1.821456817182851e-03 5.939402027740768e-02
1 14 3.631056012746299e+02 1.011110905706871e-03 5.435452763639069e-02
0 21 3.700895692792128e+02 1.822479177820119e-03 5.936990064880703e-02
1 15 3.793847756020222e+02 1.011655157321335e-03 5.434645846584331e-02
0 22 3.817714546259771e+02 1.821157707822415e-03 5.940298074872238e-02
0 23 3.934775261503327e+02 1.828900044220832e-03 5.921623351371328e-02
1 16 3.956500150132458e+02 1.008535624636402e-03 5.444651002689109e-02
0 24 4.051682066716020e+02 1.830165393029875e-03 5.918461593734483e-02
1 17 4.119185932149762e+02 1.007602926396153e-03 5.446845136385699e-02
0 25 4.168679366317890e+02 1.829561706502271e-03 5.919652290888615e-02
1 18 4.281937834931647e+02 1.008614302624089e-03 5.444051140179124e-02
0 26 4.285552567013547e+02 1.829498668295856e-03 5.921505122838466e-02
0 27 4.402029135481310e+02 1.799784641441743e-03 6.022703537616116e-02
1 19 4.445379248746458e+02 1.017483094208604e-03 5.388896955326312e-02
0 28 4.518046140929958e+02 1.801016513865078e-03 6.019718418900494e-02
1 20 4.609043805203190e+02 1.017834371398408e-03 5.388596487823390e-02
0 29 4.634055164709365e+02 1.799710297690503e-03 6.023025967954901e-02
0 30 4.750249372981301e+02 1.806988964816060e-03 6.003891456308889e-02
1 21 4.772605216357117e+02 1.014961099139835e-03 5.398721238813668e-02
0 31 4.866353971802143e+02 1.808278270718813e-03 6.000622478554209e-02
1 22 4.936145665230779e+02 1.014070261784555e-03 5.400869728528766e-02
0 32 4.982543819177497e+02 1.807563921345512e-03 6.002090749674135e-02
0 33 5.098617835292868e+02 1.807606445483524e-03 5.997500766525446e-02
1 23 5.099763099003085e+02 1.015592426016537e-03 5.401212393742780e-02
0 34 5.213993160910403e+02 1.799740615539282e-03 6.014204687822637e-02
1 24 5.264228594845272e+02 1.017892257908756e-03 5.395818472898931e-02
0 35 5.329336050612267e+02 1.800493072976671e-03 6.012284146128762e-02
1 25 5.428666299510610e+02 1.018696388101544e-03 5.394427483052584e-02
0 36 5.444629780782202e+02 1.799420265887901e-03 6.015545800588497e-02
0 37 5.560613508121068e+02 1.805256423638736e-03 5.999782000861845e-02
1 26 5.592503396706330e+02 1.015916606759057e-03 5.403183161252668e-02
0 38 5.676453841722077e+02 1.806863793881872e-03 5.995930469861107e-02
1 27 5.756326429295848e+02 1.015497593432003e-03 5.404530670474997e-02
0 39 5.792345576776081e+02 1.805678528222860e-03 5.998600662788092e-02
0 40 5.908197626886960e+02 1.808707932772846e-03 5.982869238293759e-02
1 28 5.920218103974665e+02 1.015806280457860e-03 5.412188838114260e-02
0 41 6.023846522098601e+02 1.808381878791532e-03 5.982569963438757e-02
1 29 6.084286983324064e+02 1.015140273924773e-03 5.413759917974899e-02
0 42 6.139578675836640e+02 1.808323325733659e-03 5.982486057708085e-02
1 30 6.248361420465178e+02 1.016214857625668e-03 5.411296865344398e-02
0 43 6.255209497018654e+02 1.807825203558913e-03 5.985397729948833e-02
0 44 6.372453033658657e+02 1.740603833974838e-03 6.097299291759943e-02
1 31 6.411099506033919e+02 1.051404477275158e-03 5.346570804846978e-02
0 45 6.488772511164268e+02 1.742008519115458e-03 6.093756696569010e-02
1 32 6.574420212087166e+02 1.051432242370403e-03 5.347023384396037e-02
0 46 6.605111678541164e+02 1.740722126716368e-03 6.096918435208758e-02
0 47 6.721501095076243e+02 1.745807530645017e-03 6.077243917718049e-02
1 33 6.737750839057234e+02 1.050184142105725e-03 5.357107826236366e-02
0 48 6.837791565166575e+02 1.746455013868230e-03 6.075130928040760e-02
1 34 6.901106684138008e+02 1.049260572886732e-03 5.359139187497147e-02
0 49 6.954177359222249e+02 1.746171041264051e-03 6.075552747985583e-02
1 35 7.064490565808546e+02 1.050378480974968e-03 5.356666033197822e-02
0 50 7.070447492827971e+02 1.745754315609077e-03 6.078109878465315e-02
0 51 7.186366862385943e+02 1.684625721764502e-03 6.206748428990982e-02
1 36 7.228613839696771e+02 1.081436333272053e-03 5.286280434581200e-02
0 52 7.301536803264867e+02 1.685780699433637e-03 6.203619530260131e-02
1 37 7.393202549514535e+02 1.081819623008483e-03 5.286038540371249e-02
0 53 7.416701177188806e+02 1.684563127216033e-03 6.207027131576030e-02
0 54 7.532164111796942e+02 1.693025925900948e-03 6.182254880769471e-02
1 38 7.557564965260337e+02 1.077831423892354e-03 5.299356201415849e-02
0 55 7.647599923836012e+02 1.694452526131011e-03 6.178452609910715e-02
1 39 7.721827525184190e+02 1.077072309505941e-03 5.301300306963668e-02
0 56 7.763111274163521e+02 1.693550420376892e-03 6.180525378687864e-02
0 57 7.878528726123475e+02 1.694685416173253e-03 6.170435120108719e-02
1 40 7.886172347642546e+02 1.078083734823622e-03 5.305635886740154e-02
0 58 7.993758069517999e+02 1.693270874676001e-03 6.172408712184235e-02
1 41 8.050723096137145e+02 1.077869505034604e-03 5.306146829942620e-02
0 59 8.109053223767985e+02 1.693442429904203e-03 6.171693954979265e-02
1 42 8.215258240292994e+02 1.078977569890165e-03 5.304013512287899e-02
0 60 8.224259490215355e+02 1.692713570183910e-03 6.174835924596055e-02
0 61 8.340637975151557e+02 1.595144360453427e-03 6.313493452589089e-02
1 43 8.378999083046485e+02 1.138947597716306e-03 5.225487353278895e-02
0 62 8.455722376233039e+02 1.596369721028212e-03 6.309955733943175e-02
1 44 8.543669952608494e+02 1.139114746468472e-03 5.225747358309892e-02
0 63 8.570819041451692e+02 1.595185091878013e-03 6.313308568042798e-02
0 64 8.686111767025410e+02 1.602143354798147e-03 6.287658096045499e-02
1 45 8.708208099419412e+02 1.135937709782705e-03 5.239270837833609e-02
0 65 8.801416200403398e+02 1.603404596803954e-03 6.284013436895475e-02
1 46 8.872617872034302e+02 1.135059268540636e-03 5.241339748247027e-02
0 66 8.916804472037782e+02 1.602651613284693e-03 6.285744578282668e-02
0 67 9.032084373118471e+02 1.603254076253415e-03 6.279407288518266e-02
1 47 9.037105651361901e+02 1.136091560290993e-03 5.243334289668226e-02
0 68 9.147186532964211e+02 1.601225657284338e-03 6.283054258247692e-02
1 48 9.201808517293820e+02 1.136241715463533e-03 5.243143618373019e-02
0 69 9.262342207779492e+02 1.601494306359043e-03 6.281989288418637e-02
1 49 9.366486975793412e+02 1.137359782390275e-03 5.241214735157099e-02
0 70 9.377416499872613e+02 1.600668637813303e-03 6.285267773478151e-02
0 71 9.493457290985314e+02 1.499421236614985e-03 6.429178790608868e-02
1 50 9.530606578188725e+02 1.204075228381326e-03 5.160843081453721e-02
0 72 9.608022663293224e+02 1.500557930978143e-03 6.425595531542769e-02
1 51 9.695856698075661e+02 1.204276150643929e-03 5.161091765442184e-02
0 73 9.722599017327683e+02 1.499428033965370e-03 6.429016464077622e-02
0 74 9.837480683611458e+02 1.507455512304282e-03 6.396151507806455e-02
1 52 9.860863860889801e+02 1.200002054330290e-03 5.178513724581450e-02
0 75 9.952410789240579e+02 1.508743770928981e-03 6.392213528297416e-02
1 53 1.002568542628563e+03 1.199213222466040e-03 5.180445991094904e-02
0 76 1.006741787604642e+03 1.507904835773885e-03 6.394318015473778e-02
0 77 1.018233811997097e+03 1.509026566439830e-03 6.385225016979501e-02
1 54 1.019058171413836e+03 1.199803654439761e-03 5.184114912087205e-02
0 78 1.029720105190804e+03 1.508622608451230e-03 6.385256878360220e-02
1 55 1.035552250638597e+03 1.199207959594801e-03 5.185222083721203e-02
0 79 1.041214401414464e+03 1.508567875555396e-03 6.384973592388334e-02
1 56 1.052046479493226e+03 1.200442954757137e-03 5.183008793539089e-02
0 80 1.052698440410574e+03 1.508029968824575e-03 6.387615039020958e-02
0 81 1.064130759155150e+03 1.487971323678490e-03 6.437955552094463e-02
1 57 1.068617713544766e+03 1.211861193492432e-03 5.157831891358269e-02
0 82 1.075537771344913e+03 1.488722862316807e-03 6.435384640073950e-02
1 58 1.085202311381461e+03 1.212656403389679e-03 5.156886295861881e-02
0 83 1.086941327272509e+03 1.487701878459692e-03 6.438952666150190e-02
0 84 1.098531319177542e+03 1.491026100838057e-03 6.390047775158117e-02
1 59 1.101607616845394e+03 1.212419897440512e-03 5.182141590346277e-02
0 85 1.110074758112744e+03 1.492343694844434e-03 6.385995644145168e-02
1 60 1.118034475741986e+03 1.212093446196921e-03 5.183370078455336e-02
0 86 1.121623022973120e+03 1.491276779492984e-03 6.388877955401795e-02
0 87 1.133170535408140e+03 1.493791519667336e-03 6.371492251172281e-02
1 61 1.134465383626643e+03 1.211746103170628e-03 5.191807263355321e-02
0 88 1.144718949584076e+03 1.494311440817114e-03 6.369376490173474e-02
1 62 1.150888727893671e+03 1.210806718691981e-03 5.193657029110643e-02
0 89 1.156276903903490e+03 1.494018996286670e-03 6.369725738606397e-02
1 63 1.167314473190177e+03 1.212035632979813e-03 5.191386506138238e-02
0 90 1.167823331523434e+03 1.493665453194826e-03 6.371764316565810e-02
0 91 1.179330246642311e+03 1.480391164836792e-03 6.405633617310560e-02
1 64 1.183797862583772e+03 1.219228679040647e-03 5.174941525153658e-02
0 92 1.190823122254993e+03 1.481144712605086e-03 6.403034047709925e-02
1 65 1.200285659359678e+03 1.219989078116348e-03 5.174102425898245e-02
0 93 1.202312729720975e+03 1.480056986361409e-03 6.406629380311363e-02
0 94 1.213914608948431e+03 1.493082191995754e-03 6.352108754654653e-02
1 66 1.216670214332258e+03 1.212608955797975e-03 5.203454628757968e-02
0 95 1.225500989121750e+03 1.494433503113967e-03 6.348006693958926e-02
1 67 1.233049850803947e+03 1.212033724074709e-03 5.205104960379526e-02
0 96 1.237093977525176e+03 1.493463388730065e-03 6.350446925948869e-02
0 97 1.248679277410168e+03 1.494648491318669e-03 6.339398735344692e-02
1 68 1.249437694842258e+03 1.212624510985133e-03 5.209868821729027e-02
0 98 1.260258533216566e+03 1.494074296773035e-03 6.339704739840089e-02
1 69 1.265829854881911e+03 1.212115106422143e-03 5.210836041644885e-02
0 99 1.271846220181887e+03 1.494153755623143e-03 6.338971687709082e-02
1 70 1.282219669536697e+03 1.213344480903141e-03 5.208835762790391e-02
0 100 1.283424619305127e+03 1.493357810831952e-03 6.342196709219183e-02
0 101 1.295008411262557e+03 1.410835459464773e-03 6.483640611056533e-02
1 71 1.298644510431104e+03 1.269346841927741e-03 5.131871657489032e-02
0 102 1.306467402426628e+03 1.411881895561607e-03 6.480056399264097e-02
1 72 1.315166890964169e+03 1.269594343846610e-03 5.132108178451972e-02
0 103 1.317927329844437e+03 1.410777274763962e-03 6.483515339100783e-02
0 104 1.329423399926979e+03 1.418290754429001e-03 6.444478502190767e-02
1 73 1.331660008425541e+03 1.265309798682752e-03 5.152773709420545e-02
0 105 1.340926487580789e+03 1.419511573913665e-03 6.440504839743313e-02
1 74 1.348131065953874e+03 1.264512395617478e-03 5.154714663568480e-02
0 106 1.352437429815301e+03 1.418693656680097e-03 6.442557088040066e-02
0 107 1.363939429788919e+03 1.419571630532795e-03 6.434419648387107e-02
1 75 1.364609567124219e+03 1.265142351100674e-03 5.157716172675428e-02
0 108 1.375437304615509e+03 1.419053638068210e-03 6.434713568049014e-02
1 76 1.381091034487760e+03 1.264618391768813e-03 5.158707796640063e-02
0 109 1.386943243093457e+03 1.419023624841270e-03 6.434233510765862e-02
1 77 1.397571650225839e+03 1.265905243292073e-03 5.156586622756016e-02
0 110 1.398439260772404e+03 1.418419926927163e-03 6.437142958287655e-02
0 111 1.409889449110021e+03 1.394366463219080e-03 6.494661348968206e-02
1 78 1.414123383046996e+03 1.281336916908409e-03 5.127088946668772e-02
0 112 1.421307698288601e+03 1.395130783453880e-03 6.491826620825156e-02
1 79 1.430694365111132e+03 1.282065366806305e-03 5.126401126695832e-02
0 113 1.432723349643863e+03 1.394097369515364e-03 6.495446878819897e-02
0 114 1.444293218403006e+03 1.404968842432831e-03 6.429903325521309e-02
1 80 1.447118815602097e+03 1.275680266454850e-03 5.161117655708223e-02
0 115 1.455834625220024e+03 1.406228109145888e-03 6.425784910248789e-02
1 81 1.463547743012070e+03 1.275241486144575e-03 5.162558666994047e-02
0 116 1.467381676723233e+03 1.405227749885379e-03 6.428494607568562e-02
0 117 1.478925383992726e+03 1.406894085411986e-03 6.413339023944212e-02
1 82 1.479982334884639e+03 1.275280819660525e-03 5.169627189644200e-02
0 118 1.490470516485979e+03 1.407171614326278e-03 6.411666903269155e-02
1 83 1.496409888263793e+03 1.274401382540741e-03 5.171292232519123e-02
0 119 1.502025144622049e+03 1.406954392295002e-03 6.411716388439871e-02
1 84 1.512838349703937e+03 1.275695178468627e-03 5.169090214487485e-02
0 120 1.513568725415209e+03 1.406497725856529e-03 6.414217854227244e-02
0 121 1.525074615186694e+03 1.389352048579677e-03 6.456391439886919e-02
1 85 1.529324137652921e+03 1.286338622296976e-03 5.147739140395022e-02
0 122 1.536560220649203e+03 1.390111319977582e-03 6.453566693725625e-02
1 86 1.545819337231650e+03 1.287047410975645e-03 5.147102378342753e-02
0 123 1.548043301019617e+03 1.389037370664948e-03 6.457188747189183e-02
0 124 1.559630472941587e+03 1.401026693710699e-03 6.396168347698046e-02
1 87 1.562219850385781e+03 1.279639255893120e-03 5.179910720650781e-02
0 125 1.571207182140467e+03 1.402296398093205e-03 6.392054353386105e-02
1 88 1.578610023369915e+03 1.279013976597889e-03 5.181642554350994e-02
0 126 1.582790854974100e+03 1.401375795290660e-03 6.394397010841039e-02
0 127 1.594366352764583e+03 1.402326943480843e-03 6.384609853805455e-02
1 89 1.595008370608415e+03 1.279596275158595e-03 5.185555917551347e-02
0 128 1.605937567226188e+03 1.401678306010579e-03 6.385090047893534e-02
1 90 1.611409429893144e+03 1.279142588490213e-03 5.186453267822207e-02
0 129 1.617517164710521e+03 1.401742335677845e-03 6.384280505620410e-02
1 91 1.627807809744706e+03 1.280412204520727e-03 5.184493144940214e-02
0 130 1.629087604446680e+03 1.400964764543410e-03 6.387527277493506e-02
0 131 1.640641366225289e+03 1.333669511416865e-03 6.513993821391738e-02
1 92 1.644259797876656e+03 1.327937123432957e-03 5.116343096733735e-02
0 132 1.652088619708264e+03 1.334632819059433e-03 6.510448530586627e-02
1 93 1.660795568137227e+03 1.328249382572833e-03 5.116510172533330e-02
0 133 1.663536481682986e+03 1.333561375944397e-03 6.513948315004697e-02
0 134 1.675030577927669e+03 1.340864361392707e-03 6.467900539204713e-02
1 94 1.677292441966799e+03 1.323601578488519e-03 5.140928699836816e-02
0 135 1.686532287018724e+03 1.342045386262431e-03 6.463861228917342e-02
1 95 1.693765029338683e+03 1.322846122221524e-03 5.142816117042111e-02
0 136 1.698041585592715e+03 1.341210602460503e-03 6.466018713727045e-02
0 137 1.709542782005990e+03 1.342115935223489e-03 6.456940683709890e-02
1 96 1.710244837177786e+03 1.323343810114344e-03 5.146312219187401e-02
